0.000000000000000000e+00
4.743109273515409667e-03
4.743398381593068140e-03
4.743568140379482434e-03
4.743985904867367709e-03
4.743963596844692938e-03
4.746517765422849679e-03
4.746972410593853532e-03
4.747281194283918711e-03
4.747452284847634291e-03
4.747972406730458818e-03
4.748964380820969861e-03
4.748605800720327209e-03
4.748696882736136958e-03
4.749207456329060557e-03
4.748489482058270740e-03
4.748834706674713059e-03
4.749498102799610405e-03
4.750101022536065525e-03
4.747329110757144560e-03
4.747365364037607269e-03
4.746749297413481623e-03
4.747626465593846046e-03
4.746993002877476601e-03
4.746770018789447411e-03
4.746194768596599146e-03
4.746003526245049647e-03
4.745171116541001960e-03
4.745497487131936781e-03
4.745765047852197778e-03
4.746178249020641983e-03
4.747437759647052911e-03
4.743112132068980601e-03
4.743453499115033931e-03
4.744022741383567034e-03
4.743684063284670654e-03
4.744702712751323187e-03
4.745532289077632714e-03
4.744203760112294943e-03
4.744953430195031178e-03
4.743637959650340297e-03
4.743618875465590440e-03
4.744349287552539207e-03
4.745208650431022301e-03
4.745918649475933983e-03
4.745783175470769805e-03
4.745117742951105236e-03
4.745588495258485501e-03
4.746082499747873717e-03
4.746064064709259143e-03
4.747292550900488600e-03
4.746608267605569031e-03
4.746993881919671539e-03
4.748197935803178879e-03
4.747484866819931537e-03
4.750283065831382122e-03
4.750836084470342648e-03
4.751471705759739012e-03
4.752468057625357754e-03
4.750854860616451902e-03
4.751182135099726173e-03
4.752264126045683407e-03
4.750817800070566282e-03
4.750797910661089252e-03
4.753489916375121249e-03
4.754918307821608819e-03
4.756214591132290614e-03
4.754989177091793751e-03
4.755513530085651863e-03
4.755909486098239790e-03
4.756654134030442911e-03
4.758384689674479036e-03
4.757909316372769398e-03
4.733328498452334283e-03
4.734623136701458616e-03
4.734538504775530343e-03
4.732730746810747020e-03
4.734931399197840098e-03
4.732692881048160792e-03
4.730657686785933770e-03
4.731920770138710319e-03
4.733014288114005541e-03
4.733152353953804653e-03
4.736347109219971735e-03
4.734046869094856412e-03
4.733482091889969386e-03
4.734927474898568273e-03
4.733721829777398464e-03
4.736325100790689593e-03
4.738838822956171516e-03
4.744967203858754638e-03
4.747362250282126384e-03
4.746392623004443492e-03
4.744024800738122841e-03
4.742963379607749094e-03
4.744664405742090967e-03
4.746522682057979954e-03
4.745872537419489924e-03
4.748130473727199541e-03
4.751806101899080231e-03
4.747919823784619263e-03
4.722169979793153748e-03
4.735409697621801792e-03
4.740465433595322971e-03
4.741692458170396196e-03
4.745132953165678326e-03
4.750172379258349974e-03
4.752450597567011575e-03
4.748555283241736279e-03
4.750439228186941094e-03
4.754577967137724355e-03
4.749930484903091069e-03
4.751294278474901649e-03
4.748878290406575303e-03
4.751915032350558649e-03
4.755362530198154435e-03
4.765973875684104827e-03
4.765502568888930340e-03
4.769002633720736094e-03
4.781370624193800010e-03
4.788504542463768200e-03
4.852183623491952008e-03
4.842092137635024135e-03
2.593374327276843933e-03
4.975606132232891776e-03
5.125969707749739208e-03
5.294661005041276410e-03
5.870433438274158706e-03
6.335315461656079034e-03
6.671329168139387977e-03
7.377621179573606858e-03
4.104648911254314865e-03
3.840894632282615666e-03
7.836991839497540677e-03
9.259364986197541128e-03
1.033409547433505535e-02
5.808277473907516239e-03
6.012275754549020572e-03
6.489793934585855531e-03
6.881142418494153208e-03
