0.000000000000000000e+00
4.678061822783552079e-03
4.678316330087580605e-03
4.678578169297394757e-03
4.679178736043980089e-03
4.679059720911148655e-03
4.659261891283027895e-03
4.659795425228384184e-03
4.659758839724323885e-03
4.659378352633298907e-03
4.660213806692867743e-03
4.661460922686403059e-03
4.661255111459131420e-03
4.661723869201385775e-03
4.662733314117587478e-03
4.662526987089354001e-03
4.662790214183342927e-03
4.663961441117764166e-03
4.664748295657317016e-03
4.662144365143931594e-03
4.662297893390599489e-03
4.661843867331229123e-03
4.740601714960789026e-03
4.801692089463509283e-03
4.828615180416126126e-03
4.827093362983530568e-03
4.812214580525724268e-03
4.788186955023132456e-03
4.759771151306925636e-03
4.735785443769093689e-03
4.852787946865155626e-03
4.845666016106878193e-03
4.892187789613792852e-03
4.922380167259945982e-03
4.910932469196858247e-03
4.927845983427957266e-03
4.895226707118198115e-03
4.887934233745577610e-03
5.004883333514230023e-03
5.056655953509557946e-03
5.115750917194909070e-03
5.105329702170004896e-03
5.037956932644711144e-03
5.058622180276787887e-03
2.933442089703274403e-04
2.943842347960388592e-04
5.049236790985810186e-03
5.087608861072296339e-03
5.135750147232276408e-03
5.381056144896476275e-03
3.189597707172554309e-04
5.523173575831747013e-03
5.532324878185406261e-03
5.496243655368956635e-03
3.477299429824262655e-04
5.708712065487671176e-03
3.391854438917462082e-04
5.765778135371595059e-03
5.765781105981436505e-03
5.810248406379992653e-03
5.817098135807081440e-03
5.773233453025668205e-03
3.343434327141849255e-04
5.810155887051313486e-03
6.057228817845219070e-03
6.126286317638364280e-03
6.128024318876459237e-03
3.582633821511978884e-04
6.108649754876095510e-03
6.096520334441687256e-03
6.100694631596572173e-03
6.434612795902786529e-03
6.238162797730367228e-03
4.471289911172776914e-04
7.686093396466581532e-03
4.687649760596560456e-04
4.669671656225723414e-04
4.778243212028501362e-04
8.518421791085370801e-03
5.154606092473778363e-04
5.168304017862470918e-04
5.198173274443509311e-04
5.204474810304517444e-04
5.225189329653626537e-04
5.237881719565611527e-04
8.683391552337977812e-03
5.334637893955561632e-04
5.356347855127712582e-04
5.447761047727398172e-04
5.465961851990511862e-04
5.452696536848693903e-04
5.451352565083789677e-04
5.670078365673095807e-04
9.270539439737260010e-03
5.612392655271749523e-04
9.119517344743251902e-03
5.762101179947507574e-04
5.778909499441647370e-04
5.760033906602690613e-04
9.305288416674807606e-03
5.882166809057662532e-04
9.616355072106534327e-03
5.989740354941451139e-04
6.114997384759154496e-04
6.211809492128711040e-04
6.274022577437790051e-04
6.361117988567150132e-04
6.391449387111346669e-04
6.420264995237491557e-04
6.511480449035837205e-04
6.582032832058151359e-04
6.716972582431475318e-04
6.626225002014291855e-04
6.570107688500387288e-04
6.563116495272939546e-04
6.573935942482680376e-04
6.809350192542425401e-04
6.827502426038216691e-04
6.854755183386070138e-04
6.894615036036293295e-04
6.863343852160469190e-04
7.467949057611881179e-04
7.492221227832368286e-04
8.333990251689238783e-04
8.438878980638475505e-04
8.496861805562323962e-04
8.993769585464204226e-04
9.717207979578869684e-04
9.888422907996265426e-04
9.994621581563883830e-04
1.052774054250044155e-03
1.165691424933471606e-03
1.190984835099508391e-03
1.251049845818109517e-03
1.361046766206847839e-03
1.544470636853971946e-03
1.656322321405615449e-03
1.802988411005383099e-03
2.288188948312079498e-03
2.639379911875586182e-03
3.393890883626075189e-03
4.878558978357341175e-03
