0.000000000000000000e+00
5.154462185860689966e-03
5.156071942683741749e-03
5.156331052969486545e-03
5.156388000770164778e-03
5.154976548467013475e-03
5.153213602935899362e-03
5.154264079234392032e-03
5.154448195343895416e-03
5.155196214267167287e-03
5.155429776764823037e-03
5.155162263968735351e-03
5.155153029776159829e-03
5.155458943387980497e-03
5.154017425143862276e-03
5.154875346132403724e-03
5.155690060321120594e-03
5.156215275251842603e-03
5.156332358899149565e-03
5.151706343376714903e-03
5.151271242976160694e-03
5.151099541459650683e-03
5.150953936251387831e-03
5.148024672112459614e-03
5.150696223843899760e-03
5.150906240996465206e-03
5.150546494576527939e-03
5.143746953211357324e-03
5.149630130127358200e-03
5.151235367013728104e-03
5.151463789370111165e-03
5.152290953152285739e-03
5.151755165885688048e-03
5.152379656374053533e-03
5.152452195665238426e-03
5.151871865734960858e-03
5.153158281138951226e-03
5.153142963703995390e-03
5.151089204102413978e-03
5.150025100443165853e-03
5.150787129178652571e-03
5.151737133141164743e-03
5.152233143999990737e-03
5.152553524375754444e-03
5.151829715979770394e-03
5.152790085850554938e-03
5.152171765973082365e-03
5.152761407445913440e-03
5.152184072566285203e-03
5.151995490772952151e-03
5.152823586682810791e-03
5.151387350776671925e-03
5.152246961961461091e-03
5.153128324443662783e-03
5.153334775453200650e-03
5.156517156844987737e-03
5.157314241825011053e-03
5.157322555611810674e-03
5.155140850106080044e-03
5.155854630973843999e-03
5.155426958718242227e-03
5.155001574601135970e-03
5.155523773772234183e-03
5.156537825652177803e-03
5.158786679008942229e-03
5.159269578273388557e-03
5.158936411845937813e-03
5.161940928071910399e-03
5.162886923708367819e-03
5.162762536138751010e-03
5.163434566557071823e-03
5.164187920740336175e-03
5.161220812540577574e-03
5.163996254884963520e-03
5.167747399506044878e-03
5.165162467157202730e-03
5.165799760291488185e-03
5.166094300588532778e-03
5.154537959223316063e-03
5.164005279385227784e-03
5.163489117874466537e-03
5.163753704754189128e-03
5.163858701445644961e-03
5.164111719690106864e-03
5.164312271424265771e-03
5.166173399300403972e-03
5.165567279388088434e-03
5.165140865158146001e-03
5.172037845130427434e-03
5.171817503129862853e-03
5.172657763334929763e-03
5.171724366723997462e-03
5.168078670018338115e-03
5.171673607047290802e-03
5.171362557076800148e-03
5.172724549628943992e-03
5.169890432794705358e-03
5.171232419945947373e-03
5.173013531773244106e-03
5.170996941782894478e-03
5.169362221390925820e-03
5.488859385469654906e-03
5.995447796576403032e-03
5.930651399852050233e-03
5.804278439079062560e-03
5.861799192532966135e-03
2.887642896615878491e-03
2.540910954883945742e-03
5.288865910012893398e-03
6.020441681267466559e-03
6.070203398906046793e-03
6.210260214363747672e-03
6.209227999300854194e-03
6.238566947973915588e-03
6.198691382492215948e-03
6.307816619992770608e-03
4.063821817505332105e-03
3.767104079263526584e-03
3.850405996687141126e-03
3.928709754252723493e-03
3.839148259741200029e-03
9.543314291838557450e-03
4.760936269367605812e-03
5.515360928528095091e-03
5.430649114143454304e-03
5.497497684244241622e-03
5.499358907146355627e-03
5.631756793149810501e-03
5.693754948026252642e-03
5.697225992589803091e-03
6.133593359337342552e-03
6.348228567929100480e-03
6.506996572474429974e-03
6.849370617522743468e-03
7.255823806782173840e-03
7.945702219136038108e-03
9.658241591282369989e-03
