0.000000000000000000e+00
5.195612575760698293e-03
5.197217679410590790e-03
5.197485010991409991e-03
5.197819070423769471e-03
5.196425195193955793e-03
5.191958011798870898e-03
5.192575460210751073e-03
5.193280459832670844e-03
5.194386412196215150e-03
5.194888459576836592e-03
5.194601977174089988e-03
5.194548516766088475e-03
5.194885417737598633e-03
5.193935161942560275e-03
5.194773756958473952e-03
5.195001175781784400e-03
5.195344315305053945e-03
5.195580858698726698e-03
5.192243890761354466e-03
5.191682106583765666e-03
5.191547878213562117e-03
5.191685742103338552e-03
5.189429824502630843e-03
5.192016013162843030e-03
5.191121490989884964e-03
5.191364224102695997e-03
5.186281212422711416e-03
5.191430849714708667e-03
5.192049694742395353e-03
5.192621510989432754e-03
5.193478244698616908e-03
5.193854484831506024e-03
5.194353082009836066e-03
5.194143346748583863e-03
5.193705640915573934e-03
5.195165399045201249e-03
5.195220473516372339e-03
5.193504898667002621e-03
5.192785089151621090e-03
5.193345675279394287e-03
5.193709259201438437e-03
5.194993655784724447e-03
5.195342976853611384e-03
5.194792605705395722e-03
5.195841031771372513e-03
5.195550487551454238e-03
5.195982226909916235e-03
5.195446681611392593e-03
5.196932405300354503e-03
5.197497771324920308e-03
5.196392022752935151e-03
5.197215573025794171e-03
5.197738363647431969e-03
5.196916183297008857e-03
5.205147700515016899e-03
5.205692564713441418e-03
5.206185903100472336e-03
5.204149522821038126e-03
5.202546803641533261e-03
5.202928764842241517e-03
5.203208874605964006e-03
5.203402524676066683e-03
5.203692159739523038e-03
5.206846466700314029e-03
5.207263897151809609e-03
5.207137223064844077e-03
5.211105547328672566e-03
5.212125345998996559e-03
5.211765100760733238e-03
5.213067859544488585e-03
5.213592750322906637e-03
5.210636669712749927e-03
5.184991569094084263e-03
5.188993506891784874e-03
5.186708644226116841e-03
5.186895659931045101e-03
5.187472593576229231e-03
5.182582849063043645e-03
5.194683410740549498e-03
5.196320461482832782e-03
5.194048915506815911e-03
5.193591711022646148e-03
5.194464259687801844e-03
5.195328986575844382e-03
5.193606355176440259e-03
5.195703774583174811e-03
5.194813824406846990e-03
5.203146206527954967e-03
5.203382752201076052e-03
5.205843590096147222e-03
5.205427158202644879e-03
5.202702113718347260e-03
5.205901663411872937e-03
5.205339619349554948e-03
5.207688934757714189e-03
5.203970322228135270e-03
5.204761461872188522e-03
5.206499771507487086e-03
5.205019813699087242e-03
5.205986348117388335e-03
5.197700905286991614e-03
5.220619428297181702e-03
5.225943798428167586e-03
5.225519068654333604e-03
5.228093823894771480e-03
5.229057580699184547e-03
5.227236854426482379e-03
5.229717690873541582e-03
5.231357590963154128e-03
5.230967657899918133e-03
5.230475011728605121e-03
5.229197122249924258e-03
5.228689585203248613e-03
5.234158025107351134e-03
5.237913511454750370e-03
5.280475383910788328e-03
5.290132707775885117e-03
5.295480096581880493e-03
5.298401753209017184e-03
5.291415309977256370e-03
5.345728687886014754e-03
5.356082860814003269e-03
5.542153823050361555e-03
5.579060549180638734e-03
5.601209427826058657e-03
5.610572944082357731e-03
5.848960735720203780e-03
5.911303995405036739e-03
5.970284344778746533e-03
7.003825956097902219e-03
8.360516769025820583e-03
8.982911724780421117e-03
