0.000000000000000000e+00
4.232314248994519489e-03
4.231785826824221997e-03
4.231937870783569235e-03
4.233123173697238978e-03
4.233671130875332755e-03
4.210804823763143051e-03
4.211051141037153688e-03
4.211605099581172511e-03
4.210532420394736720e-03
4.210929268317096380e-03
4.212422454719738814e-03
4.212540498361822157e-03
4.212390728696930806e-03
4.212813201164439421e-03
4.212869974021839908e-03
4.213174532551695536e-03
4.214571841224565990e-03
4.215923686560416918e-03
4.204842727978629936e-03
4.204305177176469004e-03
4.204026096683609499e-03
4.205013515654258509e-03
4.204341523195820329e-03
4.204170988299167459e-03
4.203088536220647535e-03
4.202635528277612331e-03
4.202078883590236284e-03
4.202152146625757340e-03
4.202772882024394079e-03
4.204099151299316162e-03
4.205537786722376992e-03
4.206322953691373455e-03
4.206966414719567199e-03
4.207859076782555566e-03
4.207453566360609340e-03
4.211395644914596274e-03
4.213965177631428735e-03
4.209890178768935405e-03
4.210976619885422462e-03
4.210961690489760899e-03
4.210065231740610890e-03
4.211227142523222937e-03
4.214649088630790207e-03
4.216414529880082446e-03
4.220719802364191094e-03
4.221911771874832346e-03
4.222195907114902926e-03
4.224217447630210405e-03
4.225574683177022069e-03
4.227849450622692476e-03
4.228368656511418723e-03
4.228185344563424423e-03
4.230640429842871288e-03
4.238034040440561388e-03
4.236858474419687159e-03
4.237244317946873076e-03
4.240369723502449700e-03
4.243740725969026399e-03
4.237670832157800806e-03
4.237338371074470846e-03
4.238488979507001007e-03
4.236066798308858392e-03
4.236674241549786418e-03
4.226848880999639624e-03
4.229255731695743398e-03
4.235009686993549370e-03
4.235185888099457507e-03
4.234612613760318188e-03
4.238543402671875876e-03
4.236800964218114841e-03
4.241637209287480066e-03
4.241853295997285132e-03
4.257279160874098863e-03
4.256800751934696619e-03
4.257054359651567775e-03
4.256536497014906661e-03
4.255524441984600073e-03
4.257767314269834090e-03
4.265872787418825869e-03
4.268583259415255175e-03
4.261106967837865155e-03
4.262879162637145739e-03
4.274753048237783619e-03
5.558131705960302378e-03
2.621196976492625157e-03
5.780274965450710005e-03
5.723185876432793084e-03
2.740480537977825481e-03
2.605539462287124845e-03
5.978148884258027013e-03
2.880795374018409790e-03
2.701175641774996097e-03
5.728244246203772171e-03
6.818707255654911543e-03
3.034328240095190022e-03
6.788875493111382227e-03
3.342887916523551613e-03
6.390312773967728871e-03
3.506635928896361873e-03
3.091441041685449257e-03
6.795609941536773224e-03
7.509272666516521658e-03
3.415162090636927883e-03
3.692417268366252319e-03
7.846363863912630965e-03
4.145047863331390546e-03
4.054672415531881090e-03
4.579382227382150332e-03
4.715220025619507385e-03
4.693851556176998306e-03
4.733657089958070996e-03
4.817915694175054983e-03
4.764909608782265382e-03
4.849499750281552335e-03
5.025537865350339188e-03
5.949482928108460605e-03
5.979071043676581314e-03
6.149429450550011889e-03
7.194232429197994910e-03
