0.000000000000000000e+00
4.039622340362369023e-03
4.038267231306800868e-03
4.038034238804326381e-03
4.039174930772988607e-03
4.042699847120955273e-03
4.033665987978190225e-03
4.032692417152843566e-03
4.030512302732248107e-03
4.031689082062484171e-03
4.032636513376883572e-03
4.034323933247651282e-03
4.032633303920083422e-03
4.033204348182977544e-03
4.033603769197401274e-03
4.032117105597318209e-03
4.031564272668728376e-03
4.033040879518890766e-03
4.034766514254716462e-03
4.036801336067469444e-03
4.036068307844359673e-03
4.034977598827864387e-03
4.035129889694331375e-03
4.036019492114287753e-03
4.034814535967933512e-03
4.034807685661383203e-03
4.033597290075684703e-03
4.032675178760712284e-03
4.032273125821802910e-03
4.032301786189770691e-03
4.033056751065546702e-03
4.031561857341588694e-03
4.033421411801580390e-03
4.032913942490531749e-03
4.033835666642940875e-03
4.033632809377313971e-03
4.034608524020205991e-03
4.035727207647865286e-03
4.036208970040870009e-03
4.035970064202020272e-03
4.037468047615347215e-03
4.036238838283862616e-03
4.035841748591831833e-03
4.036530174164379078e-03
4.037344405084884909e-03
4.037423032140149970e-03
4.040367300467947835e-03
4.041514781873677305e-03
4.044682996857742151e-03
4.037660217632788734e-03
4.040403066144406495e-03
4.041498513360977131e-03
4.039711031790328699e-03
4.039229028914766498e-03
4.040808418699229701e-03
4.044037145646552436e-03
4.043880032418756612e-03
4.047364633885881628e-03
4.047221685652430817e-03
4.047188428906317754e-03
4.044603683993816361e-03
4.044975649891792424e-03
4.045024151207664807e-03
4.046094125855761656e-03
4.054606253126234912e-03
4.055041551859127520e-03
4.058084032850851376e-03
4.060022315886722098e-03
4.057088518869903133e-03
4.061266629249621167e-03
4.056792952433563477e-03
4.064187061853275461e-03
4.064563124658813857e-03
4.041975754769912103e-03
4.039728570780822155e-03
4.041705128537767706e-03
4.045209163911110510e-03
4.044545913171096983e-03
4.046378944225671390e-03
4.047468832893608495e-03
4.055785652655806255e-03
4.054869381429174711e-03
4.052475935005453965e-03
4.048140390021512033e-03
4.045630495410220372e-03
4.042130833064884986e-03
4.042670939093385464e-03
4.041035244575327118e-03
4.039162214666525662e-03
4.039248836239552921e-03
4.043724948951363946e-03
4.051458490896643616e-03
4.069681292614530169e-03
4.064295075192456315e-03
4.060937341539384154e-03
4.058484803418223666e-03
4.069230339222484373e-03
4.067019352935522664e-03
4.066861342552879031e-03
4.069785536707459100e-03
4.083690096041720646e-03
4.068990542875763200e-03
4.083049094408779459e-03
4.067910200330975869e-03
4.060805927534757130e-03
4.068476526019790783e-03
4.078387681913156308e-03
4.084928781170641884e-03
4.077470633745455125e-03
4.093926057188434879e-03
4.093462714293292885e-03
4.102459607584515826e-03
4.111757168117563879e-03
4.107220514431857324e-03
4.118912869426958126e-03
4.112043152469347165e-03
4.150634632812253387e-03
4.143559291047808034e-03
4.137864777777323227e-03
4.179471663894488570e-03
4.216251831208232305e-03
4.308484804949568384e-03
4.288114045162518678e-03
4.291769277627686431e-03
4.338767724342411022e-03
4.254784704166254990e-03
4.249200932526805627e-03
4.530445371029594333e-03
4.783360370095475489e-03
4.836184300125484677e-03
5.478747958881721378e-03
5.552686495465178687e-03
