0.000000000000000000e+00
4.976151633190603087e-03
4.976415661391451681e-03
4.976806881126297211e-03
4.977621605464322557e-03
4.977976111463820220e-03
4.977810671020859584e-03
4.978445310439521057e-03
4.978681211098238274e-03
4.979152891323782720e-03
4.979667075280135545e-03
4.980458985795306603e-03
4.980386053854358314e-03
4.981705682843872926e-03
4.982624642972683510e-03
4.982421913299142809e-03
4.982626678895018743e-03
4.983571624939362420e-03
4.984695127409801384e-03
4.988782469471784130e-03
4.988966899828348178e-03
4.988972177784239091e-03
4.989485472976147064e-03
4.989044739159780029e-03
4.988662438991649933e-03
4.988427499515979933e-03
4.988197043361741051e-03
4.987793398068082751e-03
4.988445285177587479e-03
4.990159444957460722e-03
4.991079291080269958e-03
4.992547129685610298e-03
4.994384460638106801e-03
4.994808810680692601e-03
4.995702448817002095e-03
4.995063189558045583e-03
4.993878241616756322e-03
4.994923739811937477e-03
4.996747742939976200e-03
4.997458731920131902e-03
4.996390445148837789e-03
4.996287946515179899e-03
4.996655046545365672e-03
4.997147511605719988e-03
4.998075278223041221e-03
4.999173025306041102e-03
4.998673117002390767e-03
4.999141451757687163e-03
4.999750316660517974e-03
4.999397551351836624e-03
5.001952101607939558e-03
5.001502752418366879e-03
5.002117643888290277e-03
5.003728185791768944e-03
5.003266465566331284e-03
5.006840286316829869e-03
5.007775269436704618e-03
5.008956347895465212e-03
5.010174480445836812e-03
5.008915133288383004e-03
5.008367787320512285e-03
5.008767641389171715e-03
5.008176053070069640e-03
5.008457007044053722e-03
5.012440989155283674e-03
5.013493729909164302e-03
5.015414034115431990e-03
5.013549399691404930e-03
5.014710806310085020e-03
5.014313351889825715e-03
5.015434021243860008e-03
5.017438081741808567e-03
5.016983975751946288e-03
4.963091342544349860e-03
4.965073071171961089e-03
4.965351212921667069e-03
4.964972419981294322e-03
4.967374958380950216e-03
4.966189208750237775e-03
4.975329249253949634e-03
4.976285185331550884e-03
4.974971975380871464e-03
4.972090693115678757e-03
4.973502083667844659e-03
4.971251423899458385e-03
4.970758011251829797e-03
4.972872876484259012e-03
4.971495535446381064e-03
4.970350319240944559e-03
4.971886793507092513e-03
4.969228276334745030e-03
4.971828018517681497e-03
4.975827080690421733e-03
4.973956480546202520e-03
4.973256100478925211e-03
4.974347199958964807e-03
4.977812740491222021e-03
4.976155465191126406e-03
4.978462402840735067e-03
4.981465076511155943e-03
4.986585925979763328e-03
4.985614297361405656e-03
4.997097671076499749e-03
5.002036152361832855e-03
5.001436215067836533e-03
5.004820376609279454e-03
5.003149917294489636e-03
5.007785545506661384e-03
5.007763778576820347e-03
5.013162593432648334e-03
5.017298002524039034e-03
5.021446430197862298e-03
5.024115135719472991e-03
5.021643377312649120e-03
5.025093898511877322e-03
5.030019904450688979e-03
5.075511055516883190e-03
5.080041193987955457e-03
5.087950634461685384e-03
5.110032257419272993e-03
5.124757842969101390e-03
5.221299616091536720e-03
5.214841961448763927e-03
5.271680962974367723e-03
5.279371558930282850e-03
5.285040499195867332e-03
5.306199565568197468e-03
5.407760051996845369e-03
5.390861318769934324e-03
5.411126265923302085e-03
5.516635756875500410e-03
5.605204672247898756e-03
5.682780988927260517e-03
6.454100255650072233e-03
6.527982592501114026e-03
7.460518274367751793e-03
