0.000000000000000000e+00
4.492146901805028035e-03
4.490912969880036208e-03
4.490985740262133132e-03
4.492465673936235117e-03
5.591994311684708513e-04
4.519487248838916470e-03
4.518603836290251835e-03
4.516672784685909353e-03
5.635549337548417500e-04
4.521309773763772070e-03
4.523839293416868045e-03
4.523762571770805797e-03
4.525598753434968528e-03
5.647771473728294654e-04
4.526785409378480084e-03
4.526988317593132367e-03
4.528557369636914721e-03
5.650762385987882644e-04
4.541198207885966016e-03
4.539352790807438601e-03
4.537687402447657982e-03
4.540457660128515566e-03
5.667013446016539282e-04
4.537237807842971725e-03
4.535991938127495460e-03
4.535688815984589319e-03
5.666293758085125904e-04
5.669214505937957439e-04
4.536018648190364398e-03
5.674061377154729314e-04
4.540557916137436499e-03
4.539088538407802000e-03
4.538063733649684572e-03
4.537220675294940421e-03
4.536942593890392998e-03
5.678641008202968367e-04
4.538974334948623832e-03
4.537134971225618117e-03
5.679775624466597761e-04
4.537621454081887905e-03
4.535203137552533403e-03
5.673234790941394717e-04
4.529883170280392390e-03
5.673144863537374176e-04
4.535703246521334900e-03
4.528876931771372988e-03
4.529030119185214510e-03
5.687269291288060951e-04
4.535441602122308909e-03
5.694672244124244489e-04
5.697937048266127347e-04
5.697707668063023076e-04
5.696167303959993270e-04
5.699102664122375093e-04
5.685306483796841778e-04
5.686353729113787035e-04
5.695008311842286687e-04
5.697904332979487679e-04
5.696858322047072777e-04
5.691802483872471534e-04
5.696204531855416763e-04
5.694833073800379493e-04
5.709836751531547966e-04
5.703827747568613422e-04
5.705336995265912958e-04
5.707984985854746294e-04
5.709946665438167925e-04
5.706782528511202771e-04
5.708255822700160137e-04
5.698852193209371806e-04
5.706792383383674228e-04
5.711913488844496236e-04
5.740435461429959458e-04
5.737068529883529097e-04
5.741097288256224139e-04
5.757310596672996460e-04
5.760432682280797623e-04
5.756009096076279393e-04
5.755838564793804273e-04
5.767208737713680521e-04
5.773178322803952526e-04
5.772203483807190547e-04
5.777649425966656848e-04
5.778574425293133039e-04
5.775364638508008897e-04
5.787638831820210482e-04
5.774939653478025582e-04
5.779840873629372251e-04
5.775048213022198696e-04
5.813688674300205748e-04
5.818043462283634722e-04
5.842719091677071874e-04
5.836485162034943169e-04
5.826978443005224753e-04
5.848922410252909224e-04
5.897566715448417443e-04
5.903064175025578850e-04
5.893002579046327212e-04
5.917482725188876781e-04
6.373346063947529132e-04
6.409622897390766100e-04
6.422809488842596420e-04
6.431183638000075118e-04
6.426969748948740306e-04
6.457504980033270010e-04
6.469761722924153137e-04
6.483200388077870347e-04
6.497437402187491865e-04
6.479864889677586703e-04
6.461233722544319985e-04
6.489575811857392108e-04
6.579993785618222296e-04
6.577829076051676556e-04
6.903647715482061353e-04
6.862491153339603678e-04
6.871408155155732953e-04
6.949665748390345408e-04
7.020832608533207619e-04
7.719425074368959586e-04
7.951798484261544432e-04
8.782518779240236582e-04
9.063712599076408733e-04
9.392139327522952639e-04
9.786671033046145506e-04
1.031980006237875934e-03
1.103068403945847925e-03
1.210014578360607378e-03
1.363762034011566267e-03
1.595188588793227270e-03
1.966500500114085927e-03
3.169502653239967475e-04
