0.000000000000000000e+00
4.802459104717715643e-03
4.801999589446939547e-03
4.802495855474046144e-03
4.803995083842076651e-03
4.806249811967084132e-03
4.821617804181295604e-03
4.821916318709738164e-03
4.821795069367979490e-03
4.822979370541818391e-03
4.824335980226454601e-03
4.825122021603318358e-03
4.824886240133811725e-03
4.823855098476569070e-03
4.824713043746245780e-03
4.824341296671410748e-03
4.824693141838243965e-03
4.826023755465248116e-03
4.827374556414780297e-03
4.836942960067236973e-03
4.836400805975346606e-03
4.835668214453616755e-03
4.838345203203804450e-03
4.838399808008033917e-03
4.839106723527528825e-03
4.839515677922125517e-03
4.838203849531355107e-03
4.836880257015167828e-03
4.835808430328952627e-03
4.837057039384267190e-03
4.836430136368728011e-03
4.837749143168474167e-03
4.840865205617907868e-03
4.841226674331025603e-03
4.841814633630939224e-03
4.841774962401047822e-03
4.838854203697512922e-03
4.838734790867403601e-03
4.837563132302144520e-03
4.838614878799602295e-03
4.839268320711559608e-03
4.838870532634636373e-03
4.829590252675299011e-03
4.831273633231976047e-03
4.831720129399899935e-03
4.833317587021843630e-03
4.830198258004119762e-03
4.831053872488007273e-03
4.834146107149427454e-03
4.833803872531483928e-03
4.835880798467593125e-03
4.836477179437342205e-03
4.819502824717998568e-03
4.820291068957939171e-03
4.820509946528109962e-03
4.815912798739298110e-03
4.817145880978476041e-03
4.819190826014933642e-03
4.820715760624105090e-03
4.824850756799497521e-03
4.819014731718498229e-03
4.818710456565638081e-03
4.819264245076013489e-03
4.820633603069158363e-03
4.828517634752337549e-03
4.829964523448547487e-03
4.834117346475738479e-03
4.832323572932390246e-03
4.832545157356957916e-03
4.834721982105046750e-03
4.833306890211528511e-03
4.838261316456717552e-03
4.839452136330093211e-03
4.818576199230553692e-03
4.820582675537779700e-03
4.822936818371089535e-03
4.823904005334824115e-03
4.822673975650619733e-03
4.809280352435723813e-03
4.801724031980515728e-03
4.798378603592803188e-03
4.801168155000559018e-03
4.791795243265490820e-03
4.796010754541924458e-03
4.790886942060728314e-03
4.789207466046747387e-03
4.794414795834010118e-03
4.790608983120384599e-03
4.782636168669238130e-03
4.782014608277435595e-03
4.775398456743923208e-03
4.778093024373916697e-03
4.779347005835773467e-03
4.778251061773606916e-03
4.776302707604625566e-03
4.775283470990336100e-03
4.785308921323342540e-03
4.786129737235700517e-03
4.786366923741883564e-03
4.791007216245404300e-03
4.784905900597752511e-03
4.749665912247510308e-03
4.781071085076419452e-03
4.772984421077437756e-03
4.774969958174362337e-03
4.774101941760210827e-03
4.795785913729498640e-03
4.803944902922119981e-03
4.792038133855414800e-03
4.808484888757551083e-03
4.812886652620887613e-03
4.800531538336934301e-03
4.805421824383588995e-03
4.801616076393566690e-03
4.814047579201540146e-03
4.826293562427048239e-03
4.848959889567868060e-03
4.829063861844892086e-03
4.823023064837213790e-03
4.834404067278312740e-03
4.855574887115028659e-03
4.970127768852330291e-03
4.973203353189676115e-03
5.135914924968828198e-03
5.157131591998178471e-03
5.262781148403312438e-03
5.296955877221899180e-03
5.705490996288160171e-03
5.829454190460471585e-03
5.314814141130843293e-03
